local Library = loadstring(game:HttpGet("https://raw.githubusercontent.com/xHeptc/Kavo-UI-Library/main/source.lua"))()
local Window = Library.CreateLib("Ninja Hub","DarkTheme")--DarkTheme , LightTheme , GrapeTheme , BloodTheme , Ocean , Midnight , Sentinel , Synapse
local Tab = Window:NewTab("Auto Fram")
local Section = Tab:NewSection("Auto Obby")
-------------------------------------------------- ----------------------------------------
local chap = game.Players.LocalPlayer.Character.HumanoidRootPart
Section:NewButton("Auto Tycoon", "", function()
chap.CFrame = CFrame.new(27.7570362, 175.055023, -373.174805, -0.588470995, -7.1532213e-08, 0.80851835, -4.0878593e-08, 1, 5.87201825e-08, -0.80851835, 1.50403201e-09, -0.588470995)
wait(.1)
chap.CFrame = CFrame.new(40.5427856, 175.035019, -585.663696, 0.718840659, -8.49862474e-08, 0.695174873, 2.32857875e-08, 1, 9.81731105e-08, -0.695174873, -5.43831291e-08, 0.718840659)
wait(.1)
chap.CFrame = CFrame.new(-0.138626024, 175.125061, -187.055649, -0.0739188492, -3.75799392e-09, 0.997264266, -2.82934121e-08, 1, 1.67114922e-09, -0.997264266, -2.80924795e-08, -0.0739188492)
wait(.1)
chap.CFrame = CFrame.new(-154.533936, 175.155029, -103.186935, 0.18216832, 7.12059434e-09, 0.983267367, 6.62636097e-08, 1, -1.95183176e-08, -0.983267367, 6.87104631e-08, 0.18216832)
wait(.1)
chap.CFrame = CFrame.new(-368.454498, 175.085037, -98.9803772, 0.780740976, -1.43485668e-08, 0.624854803, -1.89959248e-08, 1, 4.66979913e-08, -0.624854803, -4.83287295e-08, 0.780740976)
wait(.1)
chap.CFrame = CFrame.new(-538.81012, 175.015045, -176.004593, 0.750141144, 2.44275391e-08, 0.661277771, -1.8474223e-08, 1, -1.59830922e-08, -0.661277771, -2.27018723e-10, 0.750141144)
wait(.1)
chap.CFrame = CFrame.new(-620.6073, 175.075043, -327.014709, -0.940435827, -3.50646339e-08, -0.339971274, -3.69467124e-08, 1, -9.37201095e-10, 0.339971274, 1.16794441e-08, -0.940435827)
wait(.1)
chap.CFrame = CFrame.new(-624.364929, 175.065094, -524.45752, -0.743312955, 3.32787664e-08, -0.668943822, 2.35406343e-08, 1, 2.35904807e-08, 0.668943822, 1.78774795e-09, -0.743312955)
wait(.1)
chap.CFrame = CFrame.new(764.301147, 712.082825, -486.034363, 1, -1.17031762e-09, -5.30058819e-15, 1.17031762e-09, 1, 2.75902874e-08, 5.26829845e-15, -2.75902874e-08, 1)
end)
